[N
29
15
18 adder_subtractor_n
25
8 iInstExt
22
10 ADDR_WIDTH
12
8 mux2t1_n
10
5 reg_n
4
1 N
13
7 adder_n
6
5 mixed
2
8 mux4t1_n
20
3 rtl
3
8 dataflow
24
9 structure
7
7 RST_VAL
14
6 xorg_n
29
12 OUTPUT_TRACE
27
2 tb
17
5 org_n
23
15 riscv_processor
21
10 DATA_WIDTH
9
5 i_RST
8
4 i_WE
1
95 /home/jclark15/cpre381/RiscvProcessor/Project/cpre3810-toolflow/containers/sim_container_0/work
11
10 structural
19
3 mem
18
9 logicunit
28
9 gCLK_HPER
16
6 andg_n
26
9 iInstAddr
5
4 dffg
]
[G
1
14
11
1
4
1
0
32
0
0 0
0
0
]
[G
1
17
11
1
4
1
0
32
0
0 0
0
0
]
[G
1
27
6
1
29
0
0
0
0
8 8
109
115
46
116
114
97
99
101
1
1
1 8 1 1
]
[G
1
19
20
1
22
1
0
10
0
0 0
0
0
]
[G
1
12
3
1
4
1
0
32
0
0 0
0
0
]
[G
1
18
11
1
4
1
0
32
0
0 0
0
0
]
[G
1
2
3
1
4
1
0
32
0
0 0
0
0
]
[G
1
10
11
1
7
0
0
0
0
32 1
2
0
0
]
[G
1
10
11
2
7
0
0
0
0
32 0
2
2
2
2
2
2
2
2
2
3
2
2
2
2
2
2
2
2
2
2
2
2
2
2
2
2
2
2
2
2
2
2
0
0
]
[G
1
10
11
3
7
0
0
0
0
32 1
2
0
0
]
[G
1
10
11
4
7
0
0
0
0
32 0
2
3
3
3
3
3
3
3
3
3
3
3
3
3
3
3
3
3
3
2
3
3
3
3
3
3
3
3
3
3
2
2
0
0
]
[G
1
16
11
1
4
1
0
32
0
0 0
0
0
]
[G
1
27
6
1
28
0
0
0
0
8 8
-128
-106
-104
0
0
0
0
0
0
0
]
[G
1
27
6
1
4
1
0
32
0
0 0
0
0
]
[G
1
15
11
1
4
1
0
32
0
0 0
0
0
]
[G
1
19
20
1
21
1
0
32
0
0 0
0
0
]
[G
1
5
6
1
7
0
0
2
0
0 0
0
0
]
[G
1
5
6
2
7
0
0
2
0
0 0
0
0
]
[G
1
5
6
3
7
0
0
3
0
0 0
0
0
]
[G
1
10
11
1
4
1
0
32
0
0 0
0
0
]
[G
1
10
11
2
4
1
0
32
0
0 0
0
0
]
[G
1
10
11
3
4
1
0
32
0
0 0
0
0
]
[G
1
10
11
4
4
1
0
32
0
0 0
0
0
]
[G
1
13
11
1
4
1
0
32
0
0 0
0
0
]
[G
1
23
24
1
4
1
0
32
0
0 0
0
0
]
[P
1
5
6
8
9
1
0
0
]
[P
1
23
24
25
26
1
0
0
]
[P
1
10
11
8
9
1
0
0
]
